4096:
seq 0.0392
(2, 0.0471, 0.832, 0.416)
(4, 0.0713, 0.55, 0.137)
(8, 0.0974, 0.402, 0.05)
(16, 0.113, 0.347, 0.022)
(32, 0.271, 0.145, 0.005)

8192:
seq 0.165
(2, 0.103, 1.602, 0.801)
(4, 0.121, 1.364, 0.341)
(8, 0.142, 1.162, 0.145)
(16, 0.262, 0.63, 0.039)
(32, 0.514, 0.321, 0.01)

16384:
seq 0.722
(2, 0.243, 3.177, 1.588)
(4, 0.248, 3.113, 0.778)
(8, 0.317, 2.435, 0.304)
(16, 0.496, 1.556, 0.097)
(32, 0.891, 0.866, 0.027)

32768:
seq 3.06
(2, 0.742, 4.124, 2.062)
(4, 0.628, 4.873, 1.218)
(8, 0.664, 4.608, 0.576)
(16, 0.954, 3.208, 0.2)
(32, 1.75, 1.749, 0.055)

65536:
seq 12.6
(2, 2.76, 4.565, 2.283)
(4, 2.03, 6.207, 1.552)
(8, 1.72, 7.326, 0.916)
(16, 1.8, 7.0, 0.438)
(32, 3.41, 3.695, 0.115)

131072:
seq 51.8
(2, 11.2, 4.625, 2.313)
(4, 7.35, 7.048, 1.762)
(8, 5.39, 9.61, 1.201)
(16, 4.91, 10.55, 0.659)
(32, 7.56, 6.852, 0.214)